0.00037839359168738776 -0.00022027395815481243 0.000746076950424019 -0.0008031772687604327 0.0014147505707537058 -0.002221308164894499 -0.0007730589359849181 0.01126153158257965 -0.0051431746967736044 0.0028240947576005622 
0.03745343618755418 -0.02139096065765098 -0.0036393677394198423 -0.05504954087290768 0.009170038134548595 0.08800117058255591 0.0027718785151323744 0.008628190850538606 0.004960755528002781 0.0015907766621464613 
0.00034313191874668636 -0.00020609141630067995 -3.962348246611125e-05 -0.0007336906274185151 -4.563352302635465e-05 -0.001233436354853741 -3.2385699047990726e-05 0.0009311049336599708 -0.0005191417745339932 0.0002942304860832686 
0.07078182245120768 -0.041077612073775416 -0.0066468420325753175 -0.10426014751964918 0.011438432982001923 0.14571703716925602 0.005751875573118886 0.01416852292171189 0.0027319560028049306 -0.01452768446481218 
0.07078182245120745 -0.04107761207377561 -0.006646842032575373 -0.10426014751964909 0.011438432982001784 0.14571703716925566 0.005751875573118667 0.014168522921712778 0.0027319560028047224 -0.014527684464811688 
0.04690739293019189 -0.028194460066813865 -0.004600308877683312 -0.024007355530763275 -0.01318344181976562 -0.15103854917995357 -0.002432305592425169 -0.009902543462466995 -0.0028135403360967787 0.0015639221423422792 
0.04690739293019225 -0.02819446006681342 -0.004600308877683184 -0.02400735553076347 -0.013183441819765662 -0.15103854917995352 -0.002432305592425462 -0.009902543462466551 -0.0028135403360973997 0.0015639221423420805 
0.02764408024105175 -0.016487209848189965 -0.002826557278043179 -0.018652044632776976 -0.0068806329051021575 -0.10908812743678775 -0.0017858848778308511 -0.004793001334158192 0.0015638910170435519 0.009851799216986328 
0.0003435819823535968 -0.00020636661328922445 -3.9696828742316614e-05 -0.0007360580579052478 -4.6016026061024284e-05 -0.0012454557492616591 -3.284735660196228e-05 0.0009458088631636996 -0.0005298541820406288 0.000301706304766107 
0.0003435819823535901 -0.0002063666132892019 -3.969682874231987e-05 -0.0007360580579052383 -4.601602606091326e-05 -0.001245455749261326 -3.284735660195187e-05 0.0009458088631640882 -0.0005298541820407815 0.0003017063047660862 
0.05794965593289112 -0.03399113356602965 -0.005274003061725848 -0.06611991534432587 0.0030862656108560094 0.08915008626394616 0.00385811231955286 0.008222227210828548 -0.0020820375349538955 0.003766048618421468 
0.022484083003896406 -0.013044886898866645 -0.0012782018701640394 -0.011543293334613021 5.354421208128568e-05 0.029873502373568728 0.0006731062943404476 0.002301994495694959 0.00034052352295876887 -0.004928008806661915 
0.05507394539928192 -0.03239605326346252 -0.005219693976032217 -0.05335309193390267 -0.0011680806994504855 -0.006702141054040725 0.0015890256570041394 0.0006748235129496183 -0.0015687811733933188 -0.005557372809866706 
0.06894042208405127 -0.04066137850657283 -0.006690740257463625 -0.08857744022720818 -0.006698115509703073 -0.06371269287140281 -0.0013254641210518336 -0.006554966001426479 -0.005345528454178072 0.013725554083683672 
0.03443865105185929 -0.020401210684662007 -0.00275420098531073 0.0042669846639354575 -0.0038833715376222423 0.010127668305479601 0.0020016664156647934 0.006945445211381268 0.0009610322614116429 -0.008408024045442747 
0.07353834274560185 -0.04346327835969486 -0.006927328867962248 -0.0547129252415377 -0.003092090239539873 -0.04861398946119329 -0.0009500389927900033 -0.000375085137436032 0.0004031466514557436 0.006264074969064892 
0.03411370853976826 -0.020438793391831796 -0.0024495920161429078 0.004777024175335806 -0.003450529825245355 0.011769548206843743 -0.0004871940408879283 0.005159853698914207 -0.0001302753469372142 -0.0025696847245235688 
0.07351018509904679 -0.04344583628984074 -0.006925102563895539 -0.05471466536227045 -0.0029522377423890386 -0.04664122030752016 -0.000873494640503604 -0.00042700474600743284 0.0005055982163265638 0.006638376530318069 
0.07328162283806469 -0.04330904990656406 -0.006894303895000193 -0.054114526891103985 -0.0029840462391642533 -0.047057258841856915 -0.0009205833454401426 -0.000543873872963071 0.0005060526635128001 0.006166614344508992 
0.02835467106163676 -0.017018306718449304 -0.0019265552012638898 -0.018957262762064633 -0.006667239668568196 -0.11372334088411519 -0.008667271000323327 -0.012335237219636511 -0.0013581098130695697 0.014852392446048135 
0.05171803631278952 -0.03065117195848916 -0.0044880688470107745 0.008138753832664259 -0.010380249830432441 -0.11087587153835811 -0.0012164259616661282 -0.003987930163126938 0.0014537412593531333 -0.00444152007854258 
0.07490825847205838 -0.04423815024407243 -0.007474565993811721 -0.10871969978778237 -0.002041326801699613 -0.047019712298433325 -0.001521466477088902 -0.0036471494784176546 -0.0021354506207123766 -0.004391447974480385 
0.044719048947909665 -0.026834100889067434 -0.00426305126230603 -0.017924133302303958 -0.009414468248833407 -0.08652291441160241 -0.00029401555048021936 -0.0012415088107941379 0.0013307964142168292 -0.004181993450412189 
0.06108498216857129 -0.035979508313939104 -0.006077146350458379 -0.06744405815591104 0.0020586979280590376 -0.034817106128383846 -0.0012207291785641036 -0.0017453846779777276 0.005014625412587134 0.010580332089799846 
0.027689798723392365 -0.016628730352869336 -0.0029344933337531968 -0.018986101345252495 -0.006814280947876902 -0.11516116530507772 -0.0035156452462117836 -0.007443719134228285 0.002423163062780405 0.013971768459432193 
0.059011022084998775 -0.03475913985521355 -0.00543315522063464 -0.06372944202478643 -0.0029613596921797985 -0.03417635067660034 0.000193578918578834 -0.0023877797517093693 -0.006228712150575352 -0.004576442290320993 
0.027689798723392365 -0.016628730352869336 -0.0029344933337531968 -0.018986101345252495 -0.006814280947876901 -0.11516116530507772 -0.0035156452462117836 -0.007443719134228286 0.0024231630627804053 0.013971768459432175 
0.060059318750928035 -0.03539989083368832 -0.006022604827308584 -0.06671329641177547 0.0002987134123618846 -0.0663468497831286 -0.0024996872819582796 -0.005975730183877494 0.0026683156777864343 0.01392128453663822 
0.03087916397433343 -0.018541073844416178 -0.0033240443977770127 -0.028080215759807972 -0.007541675198584255 -0.13010915467603 -0.0037069392965496813 -0.010351028349515857 0.00010992274721151435 0.012865539328705563 
0.027400764027048257 -0.016452037352224818 -0.0028913568518807863 -0.01850224049135634 -0.006372162581133032 -0.10652033866320423 -0.0031363490155381854 -0.006559188268401681 0.00205364979304724 0.01139381033714219 
0.04081477620585942 -0.024414216681444653 -0.003874140548398234 -0.010072439980867043 -0.009514606311075001 -0.09875974807229441 -0.0003023562583933658 -0.007233453030792659 -0.004290580627241624 -0.0016581310041237796 
0.03199892690412399 -0.01923252794385556 -0.0029846783284870736 0.01219858849593007 -0.0018495767878183567 -0.05369727829821654 -0.0009645190692302825 -0.0026334226169047745 0.0029193940336433924 0.010599767421834402 
0.034542894841920316 -0.020128856867435558 -0.002375563093527436 0.0046330312839367995 -0.011402878723153917 0.007751794512573848 0.0053618492346110954 0.0031549687009559736 -0.001310750360343707 -0.009731494191410348 
0.08382907697265143 -0.0489766105414305 -0.008347235731879862 -0.1343604857664211 0.0014772851800775575 -0.014199739890545814 0.0002783806602467801 -0.0019507398004927276 -0.0015321523792578779 -0.005522161375738392 
0.07883201476833263 -0.046700121372605666 -0.00706961798481324 -0.025168040012128686 -0.0017635908681894945 -0.03275580128196545 -0.00014943825631411097 0.0023684449455815 0.003288139055300261 -0.004256460012202161 
0.04267497143093983 -0.025190034209511627 -0.003455221210692295 -0.011500536394735954 -0.019532850762163628 -0.11877705152431892 0.0007060372815239554 -0.007883782522329835 -0.0033991884211806416 -0.00197875939584387 
0.07481051902134306 -0.04417939221396642 -0.007460831660324417 -0.10837335955040257 -0.002024771348555311 -0.04657871165637095 -0.0015009479641474681 -0.0035929760164061138 -0.0020947456969841165 -0.004290163650601731 
0.09290424184234246 -0.05539874519049594 -0.007227441688680924 0.0815330165141348 -0.008101612164307269 -0.022588396936565846 0.0036480674772834515 0.010619954338180887 0.00255758067779089 -0.01708078055869492 
0.08394418351639349 -0.04904371292057369 -0.008215836331540128 -0.13479452134445716 0.0016238767259691995 -0.014374779691387386 0.0007035343205678362 -0.0026714878182704125 -0.001090748810173079 -0.006608138524615273 
0.08382907697265143 -0.0489766105414305 -0.008347235731879862 -0.1343604857664211 0.0014772851800775575 -0.014199739890545814 0.0002783806602467801 -0.0019507398004927276 -0.0015321523792578779 -0.005522161375738392 
0.08154753067312684 -0.047615401247426054 -0.008039232925234374 -0.12689321793284766 0.0010416875088603195 -0.017094239796988667 -3.311477580868563e-05 -0.002365590693466179 -0.0012800017469349698 -0.0030256552696890666 
0.06090252881308402 -0.03590710133300192 -0.00583637144462592 -0.06506068945486962 -0.0057535386617459175 -0.05570988165734324 -0.0001814924079963285 -0.0011728565820668868 0.00046012550536641015 -0.002880075689132062 
0.06090252881308402 -0.03590710133300192 -0.00583637144462592 -0.06506068945486962 -0.0057535386617459175 -0.05570988165734324 -0.0001814924079963285 -0.0011728565820668868 0.00046012550536641015 -0.002880075689132062 
0.09946756736200667 -0.059114727071091784 -0.008500282813053428 -0.030905599448731544 -0.014170312439824211 -0.06682562372710325 0.002535933234195325 0.003276857488744234 -0.005208075974672933 -0.02824230468544738 
0.07596333074302251 -0.04411531766081086 -0.007085691851050997 -0.1199675927388146 0.010245701421513324 0.15582532286581313 0.005084954506058681 0.012002173675082542 -0.0013587619004062303 -0.0014741099592581585 
0.08382907697265143 -0.0489766105414305 -0.008347235731879862 -0.1343604857664211 0.0014772851800775575 -0.014199739890545814 0.0002783806602467801 -0.0019507398004927276 -0.0015321523792578779 -0.005522161375738392 
0.025446858596404675 -0.015267340981382407 -0.0027177176540747272 -0.014359378174147933 -0.0029614534427609657 -0.060393270680079485 -0.0006887206567576565 -0.0034773217411998843 0.0008531728602794468 0.01111919192630987 
0.05666299927413601 -0.034072319975737175 -0.004211482229179966 0.07085849449194459 -0.0003566162501862838 0.012740587930734884 0.0014243451616673766 0.006032195966531655 0.002651636054674687 -0.005032964141500253 
0.05666299927413601 -0.034072319975737175 -0.004211482229179966 0.07085849449194459 -0.0003566162501862838 0.012740587930734884 0.0014243451616673766 0.006032195966531655 0.002651636054674687 -0.005032964141500253 
0.05666299927413601 -0.034072319975737175 -0.004211482229179966 0.07085849449194459 -0.0003566162501862838 0.012740587930734884 0.0014243451616673766 0.006032195966531655 0.002651636054674687 -0.005032964141500253 
0.08154753067312684 -0.047615401247426054 -0.008039232925234374 -0.12689321793284766 0.0010416875088603195 -0.017094239796988667 -3.311477580868563e-05 -0.002365590693466179 -0.0012800017469349698 -0.0030256552696890666 
0.03722599331044854 -0.022304687674393874 -0.0027709747832298922 -0.005646070252921645 -0.00365888485719394 -0.015086641839553147 0.0011515124202716193 -0.0010607525467078744 0.0002480551656471902 -0.01009488853573414 
0.057531570808833685 -0.03459870135470983 -0.004047660265512723 0.07326468166492464 0.0009030174229971213 0.015351418361504873 7.925542881732323e-05 0.0015290666133888442 0.00015796591322086407 0.0006763986526623159 
0.056741682229573966 -0.034119223256229105 -0.004098242167795672 0.07108369326582462 -0.00041372347364769437 0.01290172311010038 0.0008677063535681161 0.004992949997205042 0.002257583462553758 -0.004110034100345401 
0.056811252637396344 -0.034163072180003924 -0.004227016308801272 0.07131284652273798 -0.00036249603993793005 0.012984146067200041 0.0014638275491718822 0.006216882698281341 0.0027567309921910357 -0.005276351611234965 
0.019750332135393817 -0.011778172598302637 -0.0004051632973335042 -0.0032522089442615777 0.002951626269965287 0.01965548574546625 -0.0023898512540535353 0.005587505397939674 0.014338731130188789 0.006139875013349917 
0.02543000888554543 -0.01522551387445076 -0.0024493347608338734 -0.014847147400800781 -0.007991690527378874 -0.05978436568979444 -0.002353218446215328 -0.005824971018140104 -0.010251655277024764 0.005268186672081173 
0.05462216378618858 -0.03284823432870952 -0.005024364168151425 -0.002167923406286665 -0.011193764827582348 -0.13318796513261713 -0.0022208527114329587 -0.0077462780758630065 -0.0009159355380712484 -1.470205186947004e-05 
0.05673702910974452 -0.03411763572823147 -0.004219234970971333 0.07108494449685841 -0.0003595321071420251 0.012861214012004733 0.0014438164860109848 0.006123147015897723 0.0027031624254012497 -0.005151784869960393 
0.06330312578039439 -0.0380836100315134 -0.005082753736627057 0.0615340334172158 -0.004009824835812908 -0.04169024028893117 0.00038158987265956743 0.0016964076970825788 0.00188640206450183 -0.001123762529520944 
0.08154753067312684 -0.047615401247426054 -0.008039232925234374 -0.12689321793284766 0.0010416875088603195 -0.017094239796988667 -3.311477580868563e-05 -0.002365590693466179 -0.0012800017469349698 -0.0030256552696890666 
0.05666299927413601 -0.034072319975737175 -0.004211482229179966 0.07085849449194459 -0.0003566162501862838 0.012740587930734884 0.0014243451616673766 0.006032195966531655 0.002651636054674687 -0.005032964141500253 
0.05666299927413601 -0.034072319975737175 -0.004211482229179966 0.07085849449194459 -0.0003566162501862838 0.012740587930734884 0.0014243451616673766 0.006032195966531655 0.002651636054674687 -0.005032964141500253 
0.07400131813632964 -0.04369811118227531 -0.007350537461557729 -0.10535496907831417 -0.0022258614328907918 -0.047862731929233876 -0.0016122349571412909 -0.003688979937377133 -0.001997225965352065 -0.0032267119465420355 
0.08154753067312684 -0.047615401247426054 -0.008039232925234374 -0.12689321793284766 0.0010416875088603195 -0.017094239796988667 -3.311477580868563e-05 -0.002365590693466179 -0.0012800017469349698 -0.0030256552696890666 
0.05666299927413601 -0.034072319975737175 -0.004211482229179966 0.07085849449194459 -0.0003566162501862838 0.012740587930734884 0.0014243451616673766 0.006032195966531655 0.002651636054674687 -0.005032964141500253 
0.07310871390024491 -0.04369578719721745 -0.005565254615377463 0.07504615211295193 -0.00018533723937393627 0.007208793304889621 0.0023454928405189914 0.00581214303026831 0.005299062445867692 0.0012547036414216938 
0.08487238758277134 -0.05032755320615531 -0.007412654155003543 -0.03728346185726908 -0.009318314175165623 -0.0561873268224384 0.0011594782267217057 0.0021579678612973327 -0.002418391838445118 -0.015432890477284885 
0.06285223768858803 -0.03768689050514422 -0.004319429032155338 0.05548770472440578 -0.0055027175003914495 0.00032223553933347413 -0.0008030779658288773 0.0047231986622375925 -0.0032184961479424182 -0.016552099921440584 
0.061453060984957376 -0.03597316623564687 0.04081192616803488 0.07593527315718795 0.04851587905671913 0.02164782641918743 -0.033089523259338754 -0.10687682964084251 -0.04190557125926409 0.0817331935307439 
0.023528374409329506 -0.014120265154034797 -0.0024636343037332427 -0.009291504954958212 -0.0033996947625659557 -0.06494424924576628 -0.0011137975058906633 -0.0043804305118024705 0.0007932082254994601 0.012642392828998152 
0.06330312578039439 -0.0380836100315134 -0.005082753736627057 0.0615340334172158 -0.004009824835812908 -0.04169024028893117 0.00038158987265956743 0.0016964076970825788 0.00188640206450183 -0.001123762529520944 
0.05745640619023186 -0.034552685521672045 -0.004040209096734122 0.07303054195250222 0.0008956339410816947 0.015206073307654167 7.817197783787181e-05 0.0015060119557135914 0.00015489633276602192 0.0006604298958066574 
0.08292332000244278 -0.04843728877073341 -0.008223435099041741 -0.13100647382857306 0.0012942471512126944 -0.015034852790737368 0.0001888362848728294 -0.0019919489246830063 -0.0013965624952189794 -0.0043842888110067835 
0.05673702910974452 -0.03411763572823147 -0.004219234970971333 0.07108494449685841 -0.0003595321071420251 0.012861214012004733 0.0014438164860109848 0.006123147015897723 0.0027031624254012497 -0.005151784869960393 
0.05786869840244782 -0.034347687762122533 -0.004120060632594114 0.07280409234711875 -0.00179103085462381 0.009503195008786595 -0.0001873155850327077 0.006272149149806695 0.002744927653116813 0.0005610224003303628 
0.05711749406597662 -0.03422860554829686 -0.003603245293636103 0.0715993398418237 -7.424175850136039e-05 0.010916236917699438 -0.0015423239465694534 0.002477475701274397 -0.0010115093091340977 -0.0016000427005138556 
0.06330312578039439 -0.0380836100315134 -0.005082753736627057 0.0615340334172158 -0.004009824835812908 -0.04169024028893117 0.00038158987265956743 0.0016964076970825788 0.00188640206450183 -0.001123762529520944 
0.06789042592582305 -0.04084112316460849 -0.005613187885704311 0.04898720407027654 -0.0070671564814170406 -0.08574469454617313 -0.0016923649099982387 -0.000810051943126559 0.0030704799442257407 0.00048007260970238326 
0.06545656086092237 -0.019913097298188482 -0.004468440008441165 0.07154316365609426 8.366059842847417e-05 0.015374902514524379 0.000970728533267213 0.00458656092767131 0.0017101627894635515 -0.0012953925855408773 
0.06601286349201722 -0.039692296371645314 -0.004839937428007042 0.09191300004845443 0.0009157929596766145 0.022954406811510522 0.001521584147895284 0.008257002610317732 0.0041749987476001164 -0.003836207855237137 
0.057287767788525554 -0.03445470863229409 -0.00427603001241187 0.07282470031927389 -0.00040883898592715217 0.014260135121695189 0.001631398028549747 0.006897673652046444 0.003167612489137569 -0.005513475364764398 
0.07811388163982406 -0.045968043176180924 -0.005564212917543775 0.009390257134754314 0.005267655025282499 0.08221571729328235 0.002052674508951465 0.0074499938570345816 0.0012967177653012505 -0.012373142197316682 
0.056811252637396344 -0.034163072180003924 -0.004227016308801272 0.07131284652273798 -0.00036249603993793005 0.012984146067200041 0.0014638275491718822 0.006216882698281341 0.0027567309921910357 -0.005276351611234965 
0.05701381787964654 -0.03428690978875708 -0.004249836755660971 0.07174056169412446 -0.00044832499197418004 0.01227481946517224 0.0015012511365654609 0.006299005586535961 0.002781964953455717 -0.005586604922689386 
0.07300619008191755 -0.04214199235287061 -0.006074146688832785 -0.11120830766631193 0.010034975938543498 0.15013411153759468 0.005538268143432043 0.012511733528046052 0.0014945689261623035 -0.029926394971541426 
0.05736849232872362 -0.03450203983868702 -0.004116111435638785 0.07304707530601577 -0.0033336368979927813 0.01464000759921673 0.004094191993228259 0.006848505021216545 0.006567950162719518 -0.0008002142216587107 
0.054708913824283625 -0.032897578954460695 -0.004568709317301415 -0.0022001176887250333 -0.014616280046047914 -0.1342888601061685 0.005039617527500548 -0.00608978775153833 0.014610843371931722 0.011447762554710705 
0.057055381785315176 -0.0343109336585115 -0.004091870750586863 0.07206005512619539 -0.00028794348171639353 0.013556972791487166 0.002146556822711708 0.006204615550884355 0.0037631311775247105 -0.006651389399967325 
0.06927403171941648 -0.041630314415084475 -0.005851305963207077 0.007948935139374388 -0.014021900113937686 -0.09108804092634377 -0.0003227097333094894 0.0009570821931491393 0.00043508853018434633 -0.011600319287097871 
0.06486713802841344 -0.03825001589276031 -0.0058105250309281875 -0.03924957096571641 0.003671376341379062 0.05260247772804877 0.003378010642776646 0.006533180789801201 0.0016988190009833183 -0.009701415444286873 
0.056880139077824084 -0.03417712035195367 -0.004191312401015066 0.07110658225669492 -9.887926816376731e-05 0.014062504410734828 0.0012674917164760247 0.005523336090955318 0.0023149693823107283 -0.004107745569732576 
0.05725930893590871 -0.034432235767956045 -0.004065890314492397 0.07227752085669015 -0.0012073452585200694 0.01286760085812495 -0.0001264322318817754 0.005850425627849881 0.0029209510608377356 0.001299520022467398 
0.04818300735365375 -0.028148232125361335 -0.004260062977497664 -0.03881073057925872 0.00849765242002064 0.10394734680075884 0.0024938991746266755 0.009304745872951799 0.0036690166784057454 0.01324363717135269 
0.05963045633806965 -0.03536493108400512 0.018903351931556782 0.07514280740314366 0.020451584766361705 0.018934635143853858 -0.01888965803379807 -0.05555347459849115 -0.024718928726647625 0.044358803775310617 
0.07328162283806469 -0.04330904990656406 -0.006894303895000193 -0.05411452689110399 -0.002984046239164253 -0.047057258841856915 -0.0009205833454401422 -0.0005438738729630708 0.000506052663512791 0.00616661434450902 
0.05666299927413601 -0.034072319975737175 -0.004211482229179966 0.07085849449194459 -0.0003566162501862838 0.012740587930734884 0.0014243451616673766 0.006032195966531655 0.002651636054674687 -0.005032964141500253 
0.07058763429017069 -0.04069926414608522 -0.005749498511219401 -0.10342563195626993 0.00953299350620202 0.14633512491062284 0.005165091079169076 0.011950153715940041 0.0016625827379586654 -0.02698413966941765 
0.05673702910974452 -0.03411763572823147 -0.004219234970971333 0.07108494449685841 -0.0003595321071420251 0.012861214012004733 0.0014438164860109848 0.006123147015897723 0.0027031624254012497 -0.005151784869960393 
0.05462216378618858 -0.03284823432870952 -0.005024364168151425 -0.002167923406286665 -0.011193764827582348 -0.13318796513261713 -0.0022208527114329587 -0.0077462780758630065 -0.0009159355380712484 -1.470205186947004e-05 
0.05688567061825255 -0.034208629813924474 -0.00423482640117713 0.07154221458026634 -0.0003655092474490267 0.01310945085841198 0.0014844011086435612 0.006313532886796951 0.0028124656202724897 -0.005407091497431706 
0.0672742137606906 -0.039697007350744204 -0.006687748446167248 -0.08524192664254297 -0.005811556577149551 -0.0864410139398808 -0.0017705698214544273 -0.007940976654165582 -0.004046026559315325 0.006165064203724287 
0.0767181779342045 -0.04542330474906006 -0.00629090489919736 0.013237358246656816 0.006854899776035501 0.07986725203391712 0.00303909199408876 0.010524912054118412 0.0034777721153331507 -0.008288214559114286 
0.05688567061825255 -0.034208629813924474 -0.00423482640117713 0.07154221458026634 -0.0003655092474490267 0.01310945085841198 0.0014844011086435612 0.006313532886796951 0.0028124656202724897 -0.005407091497431706 
0.05700956235974649 -0.034171881776484676 -0.004194339559658955 0.07177425204707091 -0.0012463134666591698 0.013322161526865479 0.0016102567399044886 0.006396713285126555 0.003494234803485457 -0.002902919414122534 
0.0672742137606906 -0.039697007350744204 -0.006687748446167248 -0.08524192664254297 -0.005811556577149551 -0.0864410139398808 -0.0017705698214544273 -0.007940976654165582 -0.004046026559315325 0.006165064203724287 
0.056813549371322096 -0.03416382783886791 -0.004186285637775579 0.0713158493488885 -0.0001624774413298854 0.013003593800849013 0.001264659431006022 0.0054443855387593925 0.0023985781848985996 -0.004397019907815553 
0.0672742137606906 -0.039697007350744204 -0.006687748446167248 -0.08524192664254297 -0.005811556577149551 -0.0864410139398808 -0.0017705698214544273 -0.007940976654165582 -0.004046026559315325 0.006165064203724287 
0.05666299927413601 -0.034072319975737175 -0.004211482229179966 0.07085849449194459 -0.0003566162501862838 0.012740587930734884 0.0014243451616673766 0.006032195966531655 0.002651636054674687 -0.005032964141500253 
0.08812157441423021 -0.05152673742192439 -0.007737857487327482 -0.060928513312175456 0.013323415432980459 0.15463118841273865 0.0053598391920962815 0.016303888710363597 0.005660375240144883 -0.011725309810209883 
0.0672742137606906 -0.039697007350744204 -0.006687748446167248 -0.08524192664254297 -0.005811556577149551 -0.0864410139398808 -0.0017705698214544273 -0.007940976654165582 -0.004046026559315325 0.006165064203724287 
0.05666299927413601 -0.034072319975737175 -0.004211482229179966 0.07085849449194459 -0.0003566162501862838 0.012740587930734884 0.0014243451616673766 0.006032195966531655 0.002651636054674687 -0.005032964141500253 
0.05666299927413601 -0.034072319975737175 -0.004211482229179966 0.07085849449194459 -0.0003566162501862838 0.012740587930734884 0.0014243451616673766 0.006032195966531655 0.002651636054674687 -0.005032964141500253 
0.0672742137606906 -0.039697007350744204 -0.006687748446167248 -0.08524192664254297 -0.005811556577149551 -0.0864410139398808 -0.0017705698214544273 -0.007940976654165582 -0.004046026559315325 0.006165064203724287 
0.05666299927413601 -0.034072319975737175 -0.004211482229179966 0.07085849449194459 -0.0003566162501862838 0.012740587930734884 0.0014243451616673766 0.006032195966531655 0.002651636054674687 -0.005032964141500253 
0.06330312578039439 -0.0380836100315134 -0.005082753736627057 0.0615340334172158 -0.004009824835812908 -0.04169024028893117 0.00038158987265956743 0.0016964076970825788 0.00188640206450183 -0.001123762529520944 
0.06754840348468501 -0.039862135226620604 -0.006723176839195186 -0.08580731608004559 -0.006002232183261904 -0.08870530997415631 -0.0018347874305686136 -0.00820474255975027 -0.004234870803204095 0.0065174082893881624 
0.07322021757006161 -0.04384575160356947 -0.005539377882232641 0.07496101228710624 0.0005250185074877064 0.008751964560059907 0.002081246413945325 0.005587159448458061 0.0049563790430829395 -0.00018665115789245716 
0.0672742137606906 -0.039697007350744204 -0.006687748446167248 -0.08524192664254297 -0.005811556577149551 -0.0864410139398808 -0.0017705698214544273 -0.007940976654165582 -0.004046026559315325 0.006165064203724287 
0.05666299927413601 -0.034072319975737175 -0.004211482229179966 0.07085849449194459 -0.0003566162501862838 0.012740587930734884 0.0014243451616673766 0.006032195966531655 0.002651636054674687 -0.005032964141500253 
0.0672742137606906 -0.039697007350744204 -0.006687748446167248 -0.08524192664254297 -0.005811556577149551 -0.0864410139398808 -0.0017705698214544273 -0.007940976654165582 -0.004046026559315325 0.006165064203724287 
0.05946506695912567 -0.035267347574683604 0.018584319617950575 0.07469298760121727 0.023430318802896782 0.01815122576205252 -0.018001578764223206 -0.053430084081459224 -0.02267634575759081 0.04163231392083945 
0.0672742137606906 -0.039697007350744204 -0.006687748446167248 -0.08524192664254297 -0.005811556577149551 -0.0864410139398808 -0.0017705698214544273 -0.007940976654165582 -0.004046026559315325 0.006165064203724287 
0.05666299927413601 -0.034072319975737175 -0.004211482229179966 0.07085849449194459 -0.0003566162501862838 0.012740587930734884 0.0014243451616673766 0.006032195966531655 0.002651636054674687 -0.005032964141500253 
0.05666299927413601 -0.034072319975737175 -0.004211482229179966 0.07085849449194459 -0.0003566162501862838 0.012740587930734884 0.0014243451616673766 0.006032195966531655 0.002651636054674687 -0.005032964141500253 
0.0728169084295475 -0.04374377497933604 -0.00569535060249091 0.07456350572471636 8.66544913848049e-05 0.007060594390769259 0.0015190038603255388 0.006621783951750507 0.004213445963769015 -4.8394453042816814e-05 
0.054355803306862883 -0.03187245214565536 -0.0050046624116939446 -0.05639042328148006 0.004417230441266144 0.07521543043073298 0.0036272740299153465 0.008199704650261506 0.0004308053641703781 -0.005050792673834777 
0.06639492235867532 -0.03916882258065908 -0.0065645712587445535 -0.08251595312452648 -0.0053348181800774224 -0.07823546318732438 -0.001527648510052638 -0.006739690849960232 -0.003256136446199808 0.004701266773284178 
0.0657610077759079 -0.03956279148940767 -0.0064157557282569335 -0.02419526870963108 -0.017846989406123795 -0.2308690430855096 -0.005314739532090157 -0.014576493761882385 -0.000555619647588206 0.005487262308183653 
0.08042321836239798 -0.04716336373598838 0.016087194467121462 0.009950898673110607 0.029527871367230705 0.05151726334617424 -0.01262784878885713 -0.04941505006102175 -0.019560490960978234 0.036861729760632046 
0.05946506695912567 -0.035267347574683604 0.018584319617950575 0.07469298760121727 0.023430318802896782 0.01815122576205252 -0.018001578764223206 -0.053430084081459224 -0.02267634575759081 0.04163231392083945 
0.05726129649932503 -0.03443698446302004 -0.004274780274937007 0.07241065643645674 -0.00032952353887421367 0.014954288972458813 0.001645249977541452 0.006915621335393883 0.0031965117193311562 -0.005339304953166177 
0.06079858485304589 -0.0362041741466914 -0.00399922205393735 0.0680145283126732 0.0035030632464274894 0.04566173661872532 0.0016482741342937369 0.0028602422797228957 2.5063070468628607e-05 0.0005985842866908246 
0.05688567061825255 -0.034208629813924474 -0.00423482640117713 0.07154221458026634 -0.0003655092474490267 0.01310945085841198 0.0014844011086435612 0.006313532886796951 0.0028124656202724897 -0.005407091497431706 
0.0672742137606906 -0.039697007350744204 -0.006687748446167248 -0.08524192664254297 -0.005811556577149551 -0.0864410139398808 -0.0017705698214544273 -0.007940976654165582 -0.004046026559315325 0.006165064203724287 
0.035084418141705175 -0.021064471638151866 -0.003036463093086147 -0.0011887425441833791 -0.006255678523524152 -0.0479474513573277 0.0020091924955756854 -0.0014388075271211708 -0.0037256991823575144 -0.004757425985874721 
0.0773600699800145 -0.04532719491344428 0.016494692224315707 0.020992751713733812 0.031484347061620725 0.0793550143202393 -0.013799677907619002 -0.04433562285523084 -0.019653805665955724 0.03423915944015167 
0.05666299927413601 -0.034072319975737175 -0.004211482229179966 0.07085849449194459 -0.0003566162501862838 0.012740587930734884 0.0014243451616673766 0.006032195966531655 0.002651636054674687 -0.005032964141500253 
0.05666299927413601 -0.034072319975737175 -0.004211482229179966 0.07085849449194459 -0.0003566162501862838 0.012740587930734884 0.0014243451616673766 0.006032195966531655 0.002651636054674687 -0.005032964141500253 
0.05666299927413601 -0.034072319975737175 -0.004211482229179966 0.07085849449194459 -0.0003566162501862838 0.012740587930734884 0.0014243451616673766 0.006032195966531655 0.002651636054674687 -0.005032964141500253 
0.059544349098150734 -0.03577505668720615 -0.004475731778994068 0.06611068124772251 -0.0009652392722053308 0.01661002017429956 0.0020262515900479902 0.006743103683377727 0.003258899800048761 -0.004686476771981197 
0.056934839585211935 -0.03412305507600319 -0.004237219279249415 0.07154518127706995 -0.0003660490501229452 0.013112885126908962 0.001489074814103048 0.0062938618829866755 0.0028164471036694963 -0.0053693529395430865 
0.0672742137606906 -0.039697007350744204 -0.006687748446167248 -0.08524192664254297 -0.005811556577149551 -0.0864410139398808 -0.0017705698214544273 -0.007940976654165582 -0.004046026559315325 0.006165064203724287 
0.04371201431716579 -0.025547704133695778 -0.004562296257673802 -0.06755494893610303 0.0037880355400658175 0.0018493737461103559 0.000507052804812565 7.282140005711616e-05 0.0015525982341338797 0.010050063917002921 
0.05753956419139573 -0.03460194836954041 -0.004094645557684244 0.07139029895120823 -0.0015798421563321277 0.010966519351774992 0.002389550310669101 0.006239878643344492 0.0043050975144785595 -0.00554241139116051 
0.05256020008848678 -0.03155345471174778 -0.004556457395165189 0.005676468608524118 -0.011559836198441899 -0.0938832749040903 -0.001765325808105025 -0.0036501650484854578 -0.0017778771987402276 0.007169995804734931 
0.05666299927413601 -0.034072319975737175 -0.004211482229179966 0.07085849449194459 -0.0003566162501862838 0.012740587930734884 0.0014243451616673766 0.006032195966531655 0.002651636054674687 -0.005032964141500253 
0.059392960718814065 -0.03414328362280178 -0.005455869278454681 -0.12003841925038695 0.01525426512518831 0.1693770948081741 0.00018390972247455526 0.010573140277012451 0.0030751536953337235 0.015163191658348668 
0.059392960718814065 -0.03414328362280178 -0.005455869278454681 -0.12003841925038695 0.01525426512518831 0.1693770948081741 0.00018390972247455526 0.010573140277012451 0.0030751536953337235 0.015163191658348668 
0.058911876509739655 -0.03386319189085797 -0.0056673497471193155 -0.11828538222096917 0.01455397785015067 0.16127148111988404 0.0032763977690877105 0.01016802709245297 0.001748659717693738 0.013778949098526694 
0.059392960718814065 -0.03414328362280178 -0.005455869278454681 -0.12003841925038695 0.01525426512518831 0.1693770948081741 0.00018390972247455526 0.010573140277012451 0.0030751536953337235 0.015163191658348668 
0.059392960718814065 -0.03414328362280178 -0.005455869278454681 -0.12003841925038695 0.01525426512518831 0.1693770948081741 0.00018390972247455526 0.010573140277012451 0.0030751536953337235 0.015163191658348668 
0.06280754255350787 -0.03778010937982281 -0.0050267171173152955 0.06035788713743834 -0.0038147033085858544 -0.03934414902170327 0.00035071312239896325 0.0015452206753092132 0.0016706559786547222 -0.0009682518250824331 
0.05939296071881406 -0.03414328362280177 -0.005455869278454678 -0.12003841925038697 0.0152542651251883 0.16937709480817412 0.0001839097224745693 0.010573140277012451 0.003075153695333749 0.015163191658348708 
0.0663082910128933 -0.03911679773685993 -0.006552509018482924 -0.08225308820815387 -0.005291552039477024 -0.07750168818507269 -0.0015070466261494716 -0.006639581877627007 -0.0031940695529615037 0.004592836790901954 
0.06008131322374134 -0.0354108295971788 -0.00579797580563806 -0.0649537405244081 -0.004415898760190819 -0.05317013412456247 -0.0004872299339375919 -0.0017401594798365097 -0.00017432428552598855 -0.004050617163893677 
0.05666299927413601 -0.034072319975737175 -0.004211482229179966 0.07085849449194459 -0.0003566162501862838 0.012740587930734884 0.0014243451616673766 0.006032195966531655 0.002651636054674687 -0.005032964141500253 
0.04547434375356879 -0.027328247709352643 -0.004411673055826908 -0.02170235335127042 -0.012393673463242879 -0.1407474515806948 -0.0023304842890760477 -0.009232138722068963 -0.0026797613890162885 5.612512054303511e-05 
0.05891902556600578 -0.034928031382477284 0.019159637250539735 0.07316270577646049 0.02472941596716403 0.015281260422463779 -0.0016934627357488535 -0.039416003535717385 -0.012450912457256028 0.0580566279186667 
0.037414511578816326 -0.022018318253325814 -0.0035832936708394205 0.002585664604213018 -0.005569709971120742 -0.09910895046253065 -0.0030882214659214316 -0.0039289052990897745 0.003457892522276811 0.012122440935588308 
0.05666299927413601 -0.034072319975737175 -0.004211482229179966 0.07085849449194459 -0.0003566162501862838 0.012740587930734884 0.0014243451616673764 0.006032195966531655 0.0026516360546746864 -0.005032964141500254 
0.05723366974387198 -0.03406530389889045 -0.0031567169639630864 0.07190716762231798 0.0022332853838168422 0.013172981554012864 0.0021909276111484843 0.013785621159323018 -0.00475907151617441 -0.0014813280757352096 
0.07985334812595388 -0.04707476689653774 -0.00752389581997827 -0.07074564671990198 -0.00581136324813568 -0.06180674026794691 -0.0010232941176415206 -0.004400369251954677 -0.0010727891052739692 0.013762965003188759 
0.05666299927413601 -0.034072319975737175 -0.004211482229179966 0.07085849449194459 -0.0003566162501862838 0.012740587930734884 0.001424345161667377 0.006032195966531655 0.002651636054674689 -0.00503296414150023 
0.06330312578039439 -0.0380836100315134 -0.005082753736627057 0.0615340334172158 -0.004009824835812908 -0.04169024028893117 0.00038158987265956743 0.0016964076970825788 0.0018864020645018302 -0.0011237625295209424 
0.05681125263739634 -0.03416307218000393 -0.004227016308801275 0.07131284652273798 -0.00036249603993792354 0.012984146067200025 0.0014638275491718755 0.006216882698281348 0.0027567309921910357 -0.005276351611234934 
0.05666299927413601 -0.034072319975737175 -0.004211482229179966 0.07085849449194459 -0.0003566162501862838 0.012740587930734884 0.0014243451616673766 0.006032195966531655 0.002651636054674687 -0.005032964141500253 
0.06330312578039439 -0.0380836100315134 -0.005082753736627057 0.0615340334172158 -0.004009824835812908 -0.04169024028893117 0.00038158987265956743 0.0016964076970825788 0.00188640206450183 -0.0011237625295209435 
0.07300742696395604 -0.04386028726864155 -0.005716357940267949 0.07504161467258502 8.808322658717143e-05 0.007195569732684488 0.0015611101563612567 0.0068245219999151716 0.0043804416717622705 -5.073474459746097e-05 
0.06744191338938428 -0.040519011357559975 -0.004808556698626509 0.08996876460209356 -0.0005668411016989311 0.03744857123256531 0.00151900775193041 0.008346404991094056 0.0022585453001247686 0.0037144652167934757 
0.061396638544789876 -0.03614222385663 -0.00536861138558833 -0.028264414052715507 0.0050681710649424505 0.08178960261483474 0.004052809126060893 0.011259880854187554 0.0031909770946836323 -0.010724358995966004 
0.06760456828611675 -0.0406185342333114 -0.004824941123893343 0.09048657728336383 -0.0005738302099403636 0.037931484496231536 0.0015691173732891182 0.008565799486064571 0.0023755580153636594 0.00364512884540958 
0.04498255876502421 -0.027001848200641387 -0.0034636383016058325 0.05688777580468538 0.004960280118591897 0.025272099346031217 -0.0002850451842293269 0.004197278948469316 0.004394670354400814 0.014524015506392079 
0.056860773284608784 -0.034191886185645406 -0.0042338037956071994 0.07114042725489418 -0.00028724803157728916 0.013835981714953385 0.0015042002636674913 0.006357510428045412 0.0028616737624155403 -0.005240281996041449 
0.04303596882308932 -0.02580389547496465 -0.003509930506357111 0.025233190393931043 -0.0014427753320008464 0.02301601953528487 0.003010737018809052 0.008284524198019994 0.0028819496620028657 -0.008990045092112809 
0.057265538586862806 -0.03377834010278575 -0.004259086716918636 0.07162497833767273 -0.0003430247336784405 0.013905803305196406 0.0016499199145474026 0.006392837476115787 0.00308232036677498 -0.005661804467709479 
0.06128072719921075 -0.036094954212641125 -0.005361740566567642 -0.02949168927648108 0.005003097702992975 0.07935056091122054 0.0040857218173272645 0.010643581438516559 0.0035110220533491475 -0.012080420724481945 
0.07469959273391506 -0.04421589674477389 -0.006025262163883688 0.01826306220115599 0.006361064235865306 0.07456719382258796 0.002573029918301061 0.009465469980833021 0.0033515158757153308 -0.006573854336616316 
0.05745640619023186 -0.034552685521672045 -0.004040209096734122 0.07303054195250222 0.0008956339410816947 0.015206073307654167 7.817197783787181e-05 0.0015060119557135914 0.00015489633276602192 0.0006604298958066574 
0.05666299927413601 -0.034072319975737175 -0.004211482229179966 0.07085849449194459 -0.0003566162501862838 0.012740587930734884 0.0014243451616673766 0.006032195966531655 0.002651636054674687 -0.005032964141500253 
0.05666299927413601 -0.034072319975737175 -0.004211482229179966 0.07085849449194459 -0.0003566162501862838 0.012740587930734884 0.0014243451616673766 0.006032195966531655 0.002651636054674687 -0.005032964141500253 
0.05666299927413601 -0.034072319975737175 -0.004211482229179966 0.07085849449194459 -0.0003566162501862838 0.012740587930734884 0.0014243451616673766 0.006032195966531655 0.002651636054674687 -0.005032964141500253 
0.05238657065405107 -0.0103874229953183 0.019001212657954056 -0.06496509091891288 0.031803254753051693 0.11312123098105538 -0.01487584329045474 -0.048618986281081814 -0.01783733269546561 0.04751337003140986 
0.05666299927413601 -0.034072319975737175 -0.004211482229179966 0.07085849449194459 -0.0003566162501862838 0.012740587930734884 0.0014243451616673766 0.006032195966531655 0.002651636054674687 -0.005032964141500253 
0.055171094305005615 -0.03225647283150234 -0.004113526440281282 -0.0559164708179012 0.0044248781605987705 0.11258021244109148 0.012954793216243276 0.012827011271291825 0.023154048429721567 -0.0015773885806558798 
0.07706127606291385 -0.04553989457808324 -0.006799152424289748 -0.025357236853336497 0.00576955268028344 0.07712243757444688 0.004272036868364726 0.01145620319200039 0.005167635012297143 -0.006515184351471149 
0.05710097989937495 -0.03433081197896105 -0.003540064786198892 0.07178614355275346 -0.002516853860932147 0.014569359820258126 0.0006984552762443819 0.0012957096000344565 -0.0016362357653981776 -0.0006407339148483152 
0.05715088746348537 -0.03433828542926837 -0.0038329779445569014 0.07173576459045852 7.520823327570793e-05 0.013759670680082645 0.0019775253364558926 0.008837399731642409 -0.0021397519452359126 -0.003290342379059853 
0.06128072719921075 -0.036094954212641125 -0.005361740566567642 -0.02949168927648108 0.005003097702992975 0.07935056091122054 0.0040857218173272645 0.010643581438516559 0.0035110220533491475 -0.012080420724481945 
0.07469959273391506 -0.04421589674477389 -0.006025262163883688 0.01826306220115599 0.006361064235865306 0.07456719382258796 0.002573029918301061 0.009465469980833021 0.0033515158757153308 -0.006573854336616316 
0.056960283817467615 -0.03425430911544226 -0.004242665407779886 0.07177306286096188 -0.0003685729687465115 0.013237197750022184 0.0015055612195502234 0.0064132356583395 0.0028705003986308477 -0.005544475071009448 
0.05666299927413601 -0.034072319975737175 -0.004211482229179966 0.07085849449194459 -0.0003566162501862838 0.012740587930734884 0.0014243451616673766 0.006032195966531655 0.002651636054674687 -0.005032964141500253 
0.06097135849119962 -0.03591137472526533 -0.0053533820275607725 -0.03124158876281192 0.00400100607827037 0.056007075695180146 0.002493309131947198 0.006275750930761196 -0.00011294735971232628 -0.003516430681560749 
0.05856919025400713 -0.034731242169240284 0.01789889757088082 0.07225246116449859 0.02410025494063201 0.015038225566426837 -0.013105502223257497 -0.045017867008336536 -0.015674431216755505 0.03197005302834152 
0.05666299927413601 -0.034072319975737175 -0.004211482229179966 0.07085849449194459 -0.0003566162501862838 0.012740587930734884 0.0014243451616673766 0.006032195966531655 0.002651636054674687 -0.005032964141500253 
0.048137459435088646 -0.028875218897946416 -0.004456163181688967 0.018030977733529945 -0.0014028098015859284 -0.056516222404257806 -0.0008858451627363184 -0.0012394595782110798 0.004046761856426634 0.01771069511302628 
0.07902106119990195 -0.04605623168012372 -0.007137867251152724 -0.0821979557829642 0.012183891232600374 0.14699562284148263 0.005534831528337618 0.014583315104994013 0.004730386941126356 -0.013394347028783275 
0.07300742696395604 -0.04386028726864155 -0.005716357940267948 0.07504161467258502 8.808322658717191e-05 0.007195569732684492 0.001561110156361263 0.0068245219999151716 0.004380441671762267 -5.0734744597476605e-05 
0.05666299927413601 -0.034072319975737175 -0.004211482229179966 0.07085849449194459 -0.0003566162501862838 0.012740587930734884 0.0014243451616673766 0.006032195966531655 0.002651636054674687 -0.005032964141500253 
0.0902805483589258 -0.03593258335945881 -0.006578174696914208 0.09613596315208431 0.0015431234936253942 0.018247549791849067 0.0012066757742251319 0.00806123374848868 0.004639642613312753 0.005304229529485456 
0.028892516554125867 0.04965315681808538 -0.001020612656274364 0.00038207848692219223 -0.0003125733614406932 -0.0003247180539207934 0.0006816538929661759 -0.00038396267517872815 0.0016905050358770337 -0.004394329013944427 
0.04565222920695993 0.05801174833943394 -0.0018940199863540187 -0.025168745279337004 0.003331595406921148 0.03187010393220006 0.00031072307376688176 0.0010562115345473155 -0.000793537316880891 -0.0010030526248003507 
0.03626911925184488 0.06212350973272838 -0.0012738323629111288 0.0009370054991959642 -0.0004654788983973862 -0.0019905882398507683 0.00029198252391295706 -0.0005618373655631438 0.00024070109188306524 0.00020888921022304294 
0.03701719223265232 0.06350029054736218 -0.0013078142550237055 0.0008395138848059617 -0.0003560567880700293 -0.0004219408201953512 0.00046013548392954615 -0.0006421479638592348 0.000540630188379703 0.00025613156866883705 
0.029188957986974903 0.05023969056847223 -0.0010300133893677895 0.0004397062435415758 -0.00040787270303271184 -0.0006669698395570046 0.0007486448917074795 -0.0005148981377825877 0.00134473373935607 -0.004306765488298674 
0.03846853616576802 0.06603960908208564 -0.001375267995968158 0.0009337912643293346 -0.0004461079672254711 -0.0009161658052560634 0.000706051933368509 -0.0005574990558372409 0.0013788618567966968 -0.0008209434746817734 
0.04579791435427977 0.05800278224950527 -0.0021908110775006578 -0.025270105031167087 0.003277307499842633 0.03338374722860187 0.002326496450402785 0.0012944961566825437 0.0011729089854398311 -0.0015094627250184071 
0.03621579501536562 0.06215598033059977 -0.0012667006193346948 0.0009691950637572133 -0.0003876831418138271 -0.0010555449387155017 0.0002961158456196246 -0.0004527742404025858 0.0003240752968919656 0.0002480351942303049 
0.03699898702129304 0.06327147078454125 -0.0010055614148987957 0.0010641245159805097 -0.00011363400953526634 -0.00045662772008130424 0.0014287457706142906 -0.0011340901314843633 0.0018310760484603185 -0.0033783097751300885 
0.038214738399175906 0.06565485761281172 -0.0013610582657145231 0.001095564708475065 -0.0005229984115383703 -0.001735646737308966 0.0006635163713040429 -0.0004421056610382175 0.001510126588035433 -0.0014609136007484875 
0.0367586789807386 0.06310578869926374 -0.0012920253559181687 0.001001006678061509 -0.00042143785691702826 -0.0011874284480549952 0.0004280293578151688 -0.0006072015801370319 0.0005911887894224111 -0.00032345511481784046 
0.03621579501536562 0.06215598033059977 -0.0012667006193346948 0.0009691950637572133 -0.0003876831418138271 -0.0010555449387155017 0.0002961158456196246 -0.0004527742404025858 0.0003240752968919656 0.0002480351942303049 
0.028254987596826833 0.04894294316184618 -0.0010216300985158978 0.00047082222219225686 -0.0005794042561614013 -0.002123511170249572 0.0007256551029756975 0.0003329369436210777 0.001495805091712645 -0.00387858334018729 
0.03881376829209728 0.06641124232009403 -0.0012475977569544312 0.0007815024093872304 -0.00024472927768822605 -5.2293321916497184e-05 -0.0004039699783143964 0.00045583846994420716 0.0007726731308344921 -0.0002900790867916491 
0.037915341035750214 0.06512905403277167 -0.0013464506919246683 0.0010787936672713087 -0.0004923950432619856 -0.0015981483858580883 0.0005782700717145451 -0.00043418704619538584 0.001262278592993185 -0.0008592966338338965 
0.03709578110342109 0.06265806688353957 -0.0004876853782104849 0.0014687672482724605 -0.0031316195391414507 -0.0048930662823579545 -0.009099839857474904 0.02377657303392888 -0.004099468039739702 0.006772035097840671 
0.03631253424829176 0.06232221146777295 -0.0012190618565331122 0.0009724894924256652 -0.00015256510772302995 -0.001176497476308732 0.0015308783145023908 0.001752962373455709 -0.0007701745428802458 0.00102909461115976 
0.029016029068545 0.049938029688294396 -0.001024178394214613 0.00043064857109400303 -0.0003183322121611658 -0.0006664661831822035 0.000739225285961891 -0.0005185026998110869 0.0017743273040398222 -0.004450914940001747 
0.036683895919696244 0.06289193839245073 -0.0009562177532814178 0.0008145242303013309 -0.0012465328316571146 -0.00034535457716231374 -0.0017230236563691372 -0.000754692946661513 -0.0030932178016145804 -0.002736089228535487 
0.03648183878838098 0.06262155311427522 -0.0012782479652738655 0.0009846521589982244 -0.00040065410010010026 -0.0011263268970569443 0.00039059105531638816 -0.0005704094515328069 0.0005122969333479911 -0.0002309282480270928 
0.02837727261425994 0.04915782909111936 -0.0010278035300974114 0.00047708990942211437 -0.0005926886213352205 -0.002176330232749697 0.0007514885094084402 0.00033525588846544213 0.0015670745305220654 -0.004074737075302582 
0.03699679181189794 0.06334066573414757 -0.0013027031128290453 0.0012542135886753577 -0.00044260829189921865 -0.001173257252102393 0.0004494491630452887 -0.0004180311136890248 0.0002764564345364692 2.4695250417055168e-05 
0.02897368943272524 0.05019582433090658 -0.0009621604576014984 0.0005060812658281117 -0.0008001206877699688 -0.002383794434349063 0.0025353521303352546 0.0021874887334109206 0.0018641749845557845 -0.006315430813778779 
0.03621579501536562 0.06215598033059977 -0.0012667006193346948 0.0009691950637572133 -0.0003876831418138271 -0.0010555449387155017 0.0002961158456196246 -0.0004527742404025858 0.0003240752968919656 0.0002480351942303049 
0.03653772449638091 0.06271423579866908 -0.0011892642690038196 0.0009826365917283088 -0.0005716707024449525 -0.0012080543013508074 0.0018883698110134593 0.001244123621028176 0.0004301533310344872 -0.0013432896992647807 
0.0361685410545311 0.06207342346636869 -0.0012643730877095944 0.0009661075713422756 -0.0003845389759292655 -0.0010456449207667605 0.0002921224242054703 -0.00044604889276948014 0.0003178979308062058 0.0002423145123295431 
0.0361685410545311 0.06207342346636869 -0.0012643730877095944 0.0009661075713422756 -0.0003845389759292655 -0.0010456449207667605 0.0002921224242054703 -0.00044604889276948014 0.0003178979308062058 0.0002423145123295431 
0.03626329665527278 0.06223897771194936 -0.0012690451832206807 0.0009723222798806855 -0.0003909157814695896 -0.0010658371373489445 0.0003005669656899805 -0.0004594069259051112 0.00033032811963229123 0.00025476539660019995 
0.036313026327157716 0.06232593038550698 -0.0012715327863481657 0.0009758466077379889 -0.00039557578928079345 -0.0010814816462177952 0.00030843475947232575 -0.000472963771959681 0.0003420591497086925 0.00025044360012388807 
0.03622146689412556 0.06215403780043476 -0.001131925890355595 0.0009602530375712069 -0.00032269913095627774 -0.0009740092473587288 -0.0012891208071372738 -0.0006790165687092041 0.0009205746618979945 0.0002240788251540277 
0.03687603392020095 0.06235985832196117 -0.00047017031583018417 2.2106891955737455e-05 -0.001956201145226184 0.004528392581279068 0.00010592046589243013 -0.0018637658076674775 -0.0005262089667380304 -0.01223430481666457 
0.037915341035750214 0.06512905403277167 -0.0013464506919246683 0.0010787936672713087 -0.0004923950432619856 -0.0015981483858580883 0.0005782700717145451 -0.00043418704619538584 0.001262278592993185 -0.0008592966338338965 
0.03621579501536562 0.06215598033059977 -0.0012667006193346948 0.0009691950637572133 -0.0003876831418138271 -0.0010555449387155017 0.0002961158456196246 -0.0004527742404025858 0.0003240752968919656 0.0002480351942303049 
0.03771745499850371 0.06478303098284577 -0.0013365544101379245 0.0010650471372298904 -0.00047642146556648 -0.0015381918757202912 0.0005470758465934137 -0.00040839000596748585 0.001166034824388547 -0.0007800213887895616 
0.0361685410545311 0.06207342346636869 -0.0012643730877095944 0.0009661075713422756 -0.0003845389759292655 -0.0010456449207667605 0.0002921224242054703 -0.00044604889276948014 0.0003178979308062058 0.0002423145123295431 
0.036960781075220286 0.06336534653113095 -0.0012238608579532512 0.0007529859373408899 0.00010260177138005266 -2.306720730948663e-05 4.252474441851702e-05 -0.0023603475109096553 -0.00024845311421507304 0.0021530690765271202 
0.03635811650067044 0.06240464251033355 -0.0012736254355828662 0.0009785375210956341 -0.0003953595288597674 -0.0010870672437468486 0.000325603498988165 -0.000439903211831374 0.0003217810606092123 0.0002850754041969115 
0.03640672682592332 0.06248954124416619 -0.0012761471505434952 0.0009812695249940035 -0.00040039851722166925 -0.0010904714170012209 0.0003152389865843411 -0.0004836556058382533 0.0003551685413159805 0.0002720266106111971 
0.03625309527649194 0.06222176243045834 -0.0012686051360229131 0.0009707506122484063 -0.0003925830627689361 -0.0010768706536202098 0.00030764178826850276 -0.00044692759548632487 0.00035789592132546693 0.00013994683182386194 
0.03699934056563531 0.06344884457518757 -0.00015056651415684504 0.0009661765094887123 -0.002334924771669618 -0.001687154906052182 -0.008126563362301798 0.022913744614278024 -0.0026247220958470065 0.004353052730260148 
0.03714927185079997 0.06373175459230858 -0.0013145417817444314 0.0008478418790376718 -0.0003714921336301779 -0.0004708644576512218 0.00048504992752399683 -0.0006258525651443418 0.0006030896724961757 0.00010965447264797274 
0.03638751957930056 0.06245629064540842 -0.0012730235587701181 0.0009782035946580689 -0.00043585984179344975 -0.0010845386229229742 0.00034279882825631933 -0.000503204995962076 0.00019408999599083353 8.254285704929947e-05 
0.03630094156613637 0.06230535344694804 -0.001270665276549339 0.0009739232855998718 -0.00040475182515272524 -0.0010880503363458833 0.0003257934296403154 -0.000431731736352522 0.00040230436414807257 2.8077393512769146e-05 
0.036358300656883724 0.062404973796467644 -0.0012737349156042468 0.0009785770915057082 -0.0003974318946008749 -0.0010864026580049194 0.00030877922366086237 -0.00047422475667958377 0.00034413702268619765 0.0002669414554093173 
0.03652088893093468 0.06264997203708918 -0.0011392014154683583 0.000899143197667844 -0.00020242067796819176 -0.0008122300814982565 2.6933853077472667e-05 -0.0004329485771648037 -0.0015081258671347957 0.0007326256678179628 
0.03641070413743616 0.062382014965596345 -0.0012804197755807117 0.000800902867512365 -0.00031999266361269437 -0.00022730616236588445 0.0003378731158653237 -0.00032586514159480885 0.0004534629256006357 0.0002927623052873056 
0.03643419005293631 0.06253807429309041 -0.001277581354323731 0.000981769978508866 -0.0004053808440721191 -0.0011065527254656875 0.0003317307304550481 -0.0004757557525698892 0.0004073632840322898 4.777350159895114e-05 
0.038059119187641766 0.0652575678470333 0.000296960329669172 0.001051643239876983 0.0041961434072633735 -0.0025319830378360553 -0.003154586409814873 0.012655404827075346 -0.005959503752359582 0.019422286619149357 
0.03621579501536562 0.06215598033059977 -0.0012667006193346948 0.0009691950637572133 -0.0003876831418138271 -0.0010555449387155017 0.0002961158456196246 -0.0004527742404025858 0.0003240752968919656 0.0002480351942303049 
0.036836337385554196 0.06324408452988038 -0.0012910351811489488 0.0010058925442937173 -0.00036657062853947186 -0.001326471985283874 0.00033843342035134755 -7.084889292662989e-05 0.00044700469462566496 0.00040986180454394294 
0.03666097821819882 0.06277313081074591 0.0005020098745627743 0.0008704922890577498 0.0044446821545745955 -0.0017928030850238362 -0.005111371582170798 0.012782957773320345 -0.006419335419325068 0.021241406062971667 
0.038214738399175906 0.06565485761281172 -0.0013610582657145231 0.001095564708475065 -0.0005229984115383703 -0.001735646737308966 0.0006635163713040429 -0.0004421056610382175 0.001510126588035433 -0.0014609136007484875 
0.0363370991068406 0.06236911744870886 -0.0012728050253450818 0.0009753213145142272 -0.0004004322043905266 -0.0011062287616296366 0.0003203348882928231 -0.000449512022337212 0.00038978223238250503 6.64693752681027e-05 
0.04639033320656521 0.07971577384745812 -0.0004905237270291918 0.0011198671376199147 -0.0025231200834158166 -0.0024015526293649937 -0.007842823288184347 0.02291902301332622 -0.002092579258586871 0.002942397493217736 
0.03650701596941526 0.06255018093865936 -0.0012852017332965421 0.000806807038311535 -0.00032660949540205196 -0.00024257114535045738 0.00034880080865145875 -0.00034110292142958875 0.0004716193192989806 0.0003010744234322086 
0.029674061869704484 0.051425160662621636 -0.0010873775130811184 0.0005623394477373771 -0.0006607523133688764 -0.00257966915277029 0.0009654156671357043 0.00037969887207667886 0.0023162081191892814 -0.004836626011095406 
0.036454092224919084 0.0625720698719058 -0.0012784888939436196 0.0009857156110118794 -0.00040424054526234774 -0.0011074290021242399 0.0003183726305985041 -0.00048825929094730217 0.00036309990380962705 0.0002749127170323323 
0.036364614366744444 0.062178826784963996 -0.0011237417592921044 0.0012096209588753732 -0.0006570199900303902 -0.0009641513216311943 0.00109693228568361 -0.0013561068525075593 0.0013168776433387466 0.0015512061669212876 
0.03846853616576802 0.06603960908208564 -0.001375267995968158 0.0009337912643293346 -0.0004461079672254711 -0.0009161658052560634 0.000706051933368509 -0.0005574990558372409 0.0013788618567966968 -0.0008209434746817734 
0.03699966014762257 0.06350704439489738 -0.0009983227589680332 0.001007177309351572 -0.0001875426470818934 -0.001381966683072758 0.001433058238898388 -0.0011508436669181287 0.00191964318815554 -0.0038023539129345115 
0.03631067432941093 0.06232175461360075 -0.0012713814855187027 0.0009754296315799729 -0.0003941282867320309 -0.0010759182212519175 0.0003044394448903351 -0.00046685226561674395 0.00033717938009328807 0.0002603270562803622 
0.028459304174491648 0.04923276748728115 -0.00012420671560029126 0.00045420627960114613 0.00035210391669504045 -0.002253714930995006 0.004577187592338557 -0.004973524180437505 0.005793568846291861 -0.014825926345778949 
0.03667385188561467 0.0628637152954001 -0.00010172767845923145 0.0009612442554971215 -0.004640519898846072 -0.0006438493404809596 0.0015748142104171344 -0.001811745187093701 -0.009572825622003598 0.0015211253664782988 
0.03785890826848476 0.06502104336287882 -0.0011780761808628283 0.0010620249616897913 -0.0015262238985223637 -0.001581285887741436 0.001579522912065585 0.0012211168992322268 0.0032827112964648082 -0.006131389573152951 
0.0363370991068406 0.06236911744870886 -0.0012728050253450818 0.0009753213145142272 -0.0004004322043905266 -0.0011062287616296366 0.0003203348882928231 -0.000449512022337212 0.00038978223238250503 6.64693752681027e-05 
0.030584826162516923 0.05299719425915829 -0.0008266823699489478 0.0006116400345958342 -0.00047725724637989595 -0.0029309711377998224 0.0020796011705813 -0.00041670031281568047 0.003941345723427989 -0.008677374045838964 
0.03816965427185847 0.06555154191605504 -0.0010533534412015297 0.001085621555672638 -0.00025170824863714663 -0.0017162338675912015 0.0015578404311877988 -0.00116543362370322 0.0024912311004509466 -0.004051429118424654 
0.03651020524366915 0.06254796033055618 0.000369141652097504 0.0009527036739893696 0.004288025896900598 -0.0020394360828825384 -0.0034095398322028297 0.012617745940273345 -0.006807640645941913 0.02044462252026846 
0.03780485930871497 0.06493599702129328 -0.00134091624956254 0.0010698537369635917 -0.00048311931982722553 -0.001559646464286789 0.0005655233734954329 -0.0004193264041805341 0.0012251174596901405 -0.000911351663910253 
0.03662575490430199 0.06264720958454671 -0.001292082000721698 0.0012297338644195448 -0.00041135294924876464 -0.0010607900847633405 0.0003589659005304163 -0.00040781894297589464 0.0005629298028081879 4.530750428051387e-05 
0.03664906837466213 0.06288090145155975 -0.001247671157368231 0.0009072214504019781 -0.00016131893966981012 -0.0007268756559713481 0.0001625296820881939 -0.0014469768264077513 4.956682926125715e-05 0.0011908050001815617 
0.03776673260521142 0.06486919159063355 -0.0013390148173456568 0.0010684508213074095 -0.00048031690455310744 -0.0015527552584478216 0.0005545545754410685 -0.00041454754789738206 0.0011886931158745112 -0.0007984365228983409 
0.02889307286689502 0.05004778728092163 -0.0008378173658309293 0.000496103062725217 -0.0002140979533779667 -0.002501895388823871 0.0017327638068636306 0.00273620684700762 0.0021839212039527415 -0.005721215941788762 
0.037915341035750214 0.06512905403277167 -0.0013464506919246683 0.0010787936672713087 -0.0004923950432619856 -0.0015981483858580883 0.0005782700717145451 -0.00043418704619538584 0.001262278592993185 -0.0008592966338338965 
0.029321614860401024 0.050435142098336834 -0.0009022889587487281 0.0003565075311003073 -0.00022426501875649548 -0.0004747471157428641 -0.0008362616046579727 -0.0003450143881445096 0.00242797842339952 -0.0045915227752332645 
0.036359245794305724 0.06240662088288868 -0.0012738001351542867 0.0009784264495187544 -0.00039754241944713834 -0.001084654049910803 0.0003116207341866291 -0.0004770004447267688 0.00035240337818297175 0.0002443645643830591 
0.03682777441163432 0.06227556506078741 -0.00046862982569724975 1.8881955321976522e-05 -0.0019526481469397058 0.0045402536784420276 7.272161187359403e-05 -0.001813010757028954 -0.0005795543056151308 -0.012193850842323852 
0.030300922885375437 0.0521856681646527 -0.0010849452462864055 0.0005144472334031875 -0.00039799501661416073 -0.0010928945445730924 0.0009031888060865721 -0.0003626407961756731 0.0024507234865663485 -0.005018423214872995 
0.03771745499850371 0.06478303098284577 -0.0013365544101379245 0.0010650471372298904 -0.00047642146556648 -0.0015381918757202912 0.0005470758465934137 -0.00040839000596748585 0.001166034824388547 -0.0007800213887895616 
0.036525668898011156 0.06253650615775326 -0.0007674450381316885 0.0009081114508010308 -0.008285968074146577 -9.495841335187323e-05 -0.002655300444964396 -0.000748771923568425 -0.010595766147034186 -0.015441436777903453 
0.03621579501536562 0.06215598033059977 -0.0012667006193346948 0.0009691950637572133 -0.0003876831418138271 -0.0010555449387155017 0.0002961158456196246 -0.0004527742404025858 0.0003240752968919656 0.0002480351942303049 
0.028797350148271363 0.049555211224967796 -0.0010149663040326144 0.0004182931073960827 -0.00030855175594325293 -0.000605732272804109 0.0006489193586231119 -0.0004077869422972065 0.0015930045892832792 -0.003968307539866437 
0.03649642366467235 0.06259166901959544 -0.0004323375228068138 0.0009420237434183847 -0.0025591920045082055 -0.0014905715449972242 -0.00917157750533775 0.023695039942874137 -0.004025433580451465 0.00779988889181763 
0.03621579501536562 0.06215598033059977 -0.0012667006193346948 0.0009691950637572133 -0.0003876831418138271 -0.0010555449387155017 0.0002961158456196246 -0.0004527742404025858 0.0003240752968919656 0.0002480351942303049 
0.028775519643986034 0.04971907166237472 0.0007653569303047393 0.0004627184422636866 0.004403869352786499 -0.0032327048184230133 -0.002598366064157127 0.013418450158454645 -0.005656956548924386 0.016975380222148378 
0.0361685410545311 0.06207342346636869 -0.0012643730877095944 0.0009661075713422756 -0.0003845389759292655 -0.0010456449207667605 0.0002921224242054703 -0.00044604889276948014 0.0003178979308062058 0.0002423145123295431 
0.02963534348848996 0.05135685669598312 -0.0010853794833087396 0.0005605480449079208 -0.0006553935173373595 -0.0025554742843402235 0.0009523960612762833 0.00037405895999080677 0.0022720576837186868 -0.0047250741042449435 
0.036926965715117874 0.06229578425296138 -0.0009496974403492511 0.0015096879658993362 -0.008832771176258266 -0.0037542179364113003 -0.001185198214857587 -0.000156419441122587 -0.0106930662698545 -0.015337009920983044 
0.03634992146462893 0.06239043165634875 -0.001270013689064308 0.0009767430382842932 -0.00035510961266700214 -0.001093132111664682 0.0002688159583145443 -0.0002736601502818179 0.00022229617737279554 0.0007013120202913502 
0.04742181858329076 0.08135259858019725 -0.0016986966808965145 0.0010057895132703188 -0.0007453311993804895 -0.002910858247458367 0.0007293292228172938 -0.00013319739118986036 0.0017046565642074866 -0.0018417003336340873 
0.037864541774751834 0.06504008022747303 -0.0013417619825652654 0.001074973942256299 -0.0005035253662364853 -0.0015837234714639868 0.0004496077573677336 -7.012047720565086e-05 0.001160235331169147 -0.0007124882605757546 
0.037915341035750214 0.06512905403277167 -0.0013464506919246683 0.0010787936672713087 -0.0004923950432619856 -0.0015981483858580883 0.0005782700717145451 -0.00043418704619538584 0.001262278592993185 -0.0008592966338338965 
0.036360270944590656 0.06240832965200397 -0.0012738782395690052 0.0009777300337855065 -0.0003969237153352708 -0.0010742798165738786 0.00031331162613358984 -0.0004789341914130954 0.0003529203262511908 0.00026486195577413884 
0.03626317261170674 0.06223875708644409 -0.0012690367360753507 0.0009723023534943851 -0.00039087914783280845 -0.0010656342124454982 0.000300219963384626 -0.00045970549687571687 0.00033049749669148456 0.0002540325207193925 
0.03648053020247205 0.06261976422174816 -0.0012799049172794862 0.000984823902355134 -0.00041076572804972815 -0.0011396007303967925 0.0003349329493821884 -0.0004711491861944807 0.00041721556363560376 6.10931564214669e-05 
0.037663636232242344 0.06453776146083018 -0.0012603256291795234 0.0006193313333107251 0.00013208315463926728 0.000599175211846298 0.00020092734204230783 -0.002474396797813017 -3.089018907959852e-05 0.002062488621243434 
0.03826466570337359 0.06574217773893604 -0.0013635637810468662 0.0010990659207911909 -0.0005272746848583005 -0.0017520795946879603 0.0006725868851237629 -0.00044877155419308144 0.0015394712419829375 -0.0014954035779026708 
0.0453646729465283 0.05750534451831952 -0.002162698879267928 -0.025262448739971015 0.0031952595934777663 0.03224048299332766 0.002158791503488394 0.0012519765679596838 0.0009338956457024724 -0.0010632517011188634 
0.0361685410545311 0.06207342346636869 -0.0012643730877095944 0.0009661075713422756 -0.0003845389759292655 -0.0010456449207667605 0.0002921224242054703 -0.00044604889276948014 0.0003178979308062058 0.0002423145123295431 
0.03776673260521142 0.06486919159063355 -0.0013390148173456568 0.0010684508213074095 -0.00048031690455310744 -0.0015527552584478216 0.0005545545754410685 -0.00041454754789738206 0.0011886931158745112 -0.0007984365228983409 
0.03791750665297097 0.06501528446112827 -0.001197390399273598 0.001083967476967212 -0.00034498212929199586 -0.0015089425291907176 -0.0006123990159302634 0.000487159578880336 0.00044133735242348865 -0.0002997663347411521 
0.03810234373658165 0.06542346952899168 -0.0013152673488947893 0.0010003808808936806 -0.00025058478983042013 -0.0012057877920238851 0.0004130993504657585 -0.0013663321806721546 0.0008958140851390655 0.00011353966347963798 
0.03630094156613637 0.06230535344694804 -0.0012706652765493384 0.0009739232855998733 -0.0004047518251527268 -0.001088050336345879 0.00032579342964031345 -0.00043173173635252104 0.00040230436414807094 2.8077393512769956e-05 
0.029182468867994214 0.050230127147155766 -0.001032905287816658 0.0004389864832829136 -0.00034274206235022117 -0.000727852658527529 0.000802377597041697 -0.0003169506871738105 0.0018744596595387515 -0.00478281746889129 
0.0364732368870005 0.06256675904281196 -0.0011371081605339294 0.0008962788642570092 -0.00020077901723717585 -0.0008046121278797822 2.6570622851072633e-05 -0.0004265177128865849 -0.0014793787035155901 0.0007157283947881291 
0.03682598284650375 0.0631439637435786 -0.0010117022116020228 0.0008290913315784735 -1.71582141225674e-05 -0.0005689152242810041 -0.0002422481394646733 -0.00041312291392701564 -0.0033403270311615513 0.0012172161414056356 
0.03626317261170674 0.06223875708644409 -0.0012690367360753507 0.0009723023534943868 -0.00039087914783280623 -0.001065634212445502 0.00030021996338462555 -0.00045970549687571573 0.0003304974966914861 0.00025403252071938987 
0.036310612268623324 0.06232164422774905 -0.0012713771691526988 0.0009754196373033714 -0.0003941017185010599 -0.0010758208449014328 0.0003043817520889772 -0.0004667444846053977 0.00033704948827310507 0.0002601783668668781 
0.037816139142103224 0.06495558168866682 -0.0013414842997813957 0.0010718763301609691 -0.00048427657045651385 -0.0015675970451530412 0.000562240612235102 -0.000420893614255378 0.0012122494460350367 -0.0008177421884652369 
0.038214738399175906 0.06565485761281172 -0.0013610582657145231 0.001095564708475065 -0.0005229984115383703 -0.001735646737308966 0.000663516371304043 -0.0004421056610382175 0.0015101265880354327 -0.0014609136007484875 
0.03626317261170674 0.06223875708644409 -0.0012690367360753507 0.0009723023534943868 -0.00039087914783280715 -0.0010656342124455026 0.0003002199633846273 -0.0004597054968757156 0.0003304974966914845 0.00025403252071938657 
0.036713728113527806 0.06302896647890227 -0.001291249583035902 0.000999810163241001 -0.000434640922119023 -0.0012548692749556351 0.0004141481553023183 -0.0004869982466982723 0.0006748534230003895 -0.0004489318607740263 
0.0361685410545311 0.06207342346636869 -0.0012643730877095944 0.0009661075713422756 -0.0003845389759292655 -0.0010456449207667605 0.0002921224242054703 -0.00044604889276948014 0.0003178979308062058 0.00024231451232954309 
0.03621579501536562 0.06215598033059977 -0.0012667006193346948 0.0009691950637572133 -0.0003876831418138271 -0.0010555449387155017 0.0002961158456196246 -0.0004527742404025858 0.0003240752968919656 0.00024803519423030493 
0.037947310589171133 0.06321802391687513 -0.0013969014529000385 0.00206181684906596 -0.0016135505515041566 -0.00798604709599492 0.0002732454209790221 0.00026265724204393374 2.6919455532688835e-05 -0.0014527195060996202 
0.03687803048429832 0.06289322472933019 -0.0007586049309075446 0.0014285680711969156 -0.0005669364416196523 -0.00012983136394193774 -0.00035542262437467624 -0.001120035472438683 -0.0026476253941839795 0.003272251680067817 
0.036360270944590656 0.06240832965200397 -0.0012738782395690052 0.0009777300337855065 -0.0003969237153352708 -0.0010742798165738786 0.00031331162613358984 -0.0004789341914130954 0.0003529203262511908 0.00026486195577413884 
0.03816965427185847 0.06555154191605504 -0.0010533534412015297 0.001085621555672638 -0.00025170824863714663 -0.0017162338675912015 0.0015578404311877988 -0.00116543362370322 0.0024912311004509466 -0.004051429118424654 
0.036680272096585496 0.0627360809873087 -0.001295382767510585 0.001051427843546702 -0.0003477632391227252 -0.00029801479876033233 0.00043846427690247806 -0.00039766815596010903 0.0005497565892282458 -0.00020997425000514268 
0.03776673260521142 0.06486919159063355 -0.0013390148173456568 0.0010684508213074095 -0.00048031690455310744 -0.0015527552584478216 0.0005545545754410685 -0.00041454754789738206 0.0011886931158745112 -0.0007984365228983409 
0.037210641400333457 0.06367129435610892 -0.0007714808150724229 0.0012520357191990413 -0.000650649216453679 -0.0010956616876017149 -0.00021985504682471978 -0.0010709587993235122 -0.002392485544381272 0.002573624227371828 
0.03756285047341578 0.0650632340374091 -0.0013552728280004887 0.0006213118471115348 -0.0007732002862060959 -0.002801302434840175 0.000873824687197532 0.000680911142180382 0.0019180048425797235 -0.004996892145895463 
0.03621579501536562 0.06215598033059977 -0.0012667006193346948 0.0009691950637572133 -0.0003876831418138271 -0.0010555449387155017 0.0002961158456196246 -0.0004527742404025858 0.0003240752968919656 0.0002480351942303049 
0.037016218911607064 0.0634986821028419 -0.001307893117218967 0.0008402048542957611 -0.0003600658489448705 -0.00043171704940544905 0.0004636028159008602 -0.0006133797935059571 0.0005517597152305883 0.00021113149703593325 
0.0361685410545311 0.06207342346636869 -0.0012643730877095944 0.0009661075713422756 -0.0003845389759292655 -0.0010456449207667605 0.0002921224242054703 -0.00044604889276948014 0.0003178979308062058 0.0002423145123295431 
0.03659520989135286 0.06282197491375913 -0.0012838828314269623 0.0009897558823898877 -0.00041562665580211833 -0.0012153232795898414 0.00042806656450336425 -0.00039973760955215625 0.000605998154925184 -0.0005434810256903263 
0.038214738399175906 0.06565485761281172 -0.0013610582657145231 0.001095564708475065 -0.0005229984115383703 -0.001735646737308966 0.0006635163713040429 -0.0004421056610382175 0.001510126588035433 -0.0014609136007484875 
0.03621579501536562 0.06215598033059977 -0.0012667006193346948 0.0009691950637572133 -0.0003876831418138271 -0.0010555449387155017 0.0002961158456196246 -0.0004527742404025858 0.0003240752968919656 0.0002480351942303049 
0.03668039256748183 0.06294093448538726 -0.0012908081379837478 0.0009091607471960291 -0.00038683285936631556 -0.0008024366015945882 0.0003945466694964843 -0.0005225657147863983 0.0005142198352933347 -7.638862089603404e-05 
0.03631067432941093 0.06232175461360075 -0.0012713814855187027 0.0009754296315799729 -0.00039412828673203085 -0.0010759182212519175 0.0003044394448903349 -0.0004668522656167442 0.00033717938009328763 0.0002603270562803624 
0.036263234591306266 0.06223886732528847 -0.001269041044480882 0.0009723123157288223 -0.0003909054970389739 -0.0010657306580382174 0.0003002768565730838 -0.00045981162793048275 0.0003306248144456064 0.00025417761492148235 
0.030448796811822873 0.0524164542625085 -0.001093260595782217 0.00043637032108857174 -0.0003730279843494239 -0.0007677704662166212 0.0009507268200355743 -0.00038850629285178953 0.0025116738772299647 -0.005123528477663679 
0.028549903586214908 0.04946069813891507 -0.0010345808493885627 0.00048674683949298015 -0.0005992720026217962 -0.0022524328326752148 0.0008431332330499068 0.00038777021405904876 0.001740467761942532 -0.004578366579260489 
0.037535963374854237 0.06417137363821533 -0.0012950851474944232 0.0009223760104961242 -6.493954728390939e-05 0.0003558606448134446 0.0003325384126021203 -0.0012653086882090092 0.0001969310472357536 0.0015230386572431362 
0.03633775266805834 0.06219324839203515 -0.0012767721604619421 0.0012024143351987838 -0.00040115358309026304 -0.0009382962570539916 0.0003225378615660583 -0.00036178194821080776 0.00039974274392146384 0.00018384185462451852 
0.028254987596826833 0.04894294316184618 -0.0010216300985158978 0.00047082222219225686 -0.0005794042561614013 -0.002123511170249572 0.0007256551029756975 0.0003329369436210777 0.001495805091712645 -0.00387858334018729 
0.03693819493726358 0.06337899755439189 -0.000836832567583606 0.0010091152560895913 -0.0004345401523720883 -0.0012527751027711779 0.002428526496717641 -0.003366254857715041 0.0027452432981556947 -0.0017135343712892314 
0.0282938599842308 0.049011181282131916 -0.0010172255259428805 0.00047238070871182165 -0.0005030455055389848 -0.002166620392170406 0.0006358887121965332 0.0007565533019405178 0.0012324277297876458 -0.002921684406682022 
0.03621579501536562 0.06215598033059977 -0.0012667006193346948 0.0009691950637572133 -0.0003876831418138271 -0.0010555449387155017 0.0002961158456196246 -0.0004527742404025858 0.0003240752968919656 0.0002480351942303049 
0.036406465193359897 0.06248884981429337 -0.0012761353771202036 0.0009825654551052709 -0.00040093529036979277 -0.0010969440212476023 0.0003140203591692562 -0.00048089751173443303 0.0003560441767533096 0.00026842244045130416 
0.03653193105682588 0.06265327105026147 -0.0006027441633940833 0.000965175186964555 -0.000543091891724227 -0.0009174308003165938 -0.001954025153561566 -0.0013733957920523592 -0.0019089193933706824 0.002969578959588815 
0.036776689794050146 0.06301418827179389 0.00036833703494740846 0.0009681393342077662 0.00442433517595955 -0.002163389398156476 -0.0035761246707491316 0.013425496707469864 -0.007300960375055315 0.022322766259029864 
0.03682469131478164 0.06321697176924673 -0.0012933180724844684 0.001015151991046497 -0.00045356641363311374 -0.0012813855647196039 0.0004060386675578223 -0.00059870993653857 0.0003941379948725746 2.5464216609721515e-05 
0.03625341856379664 0.06222188813166148 -0.0012685690284253458 0.000970531847397679 -0.0003902060015637773 -0.0010612799260460845 0.00030498681288559644 -0.0004589226895785629 0.0003550304292495215 0.0001543494099918144 
0.03662074032788586 0.06284193439957798 -0.0009811721187732 0.000986681989785022 -0.00015982575899992616 -0.0012236869126376736 0.0013028870087998569 -0.0012030925105052186 0.0016430942068686109 -0.003029093217305546 
0.0361685410545311 0.06207342346636869 -0.0012643730877095944 0.0009661075713422756 -0.0003845389759292655 -0.0010456449207667605 0.0002921224242054703 -0.00044604889276948014 0.0003178979308062058 0.0002423145123295431 
0.03705580094273899 0.06362199861776922 -0.0012133353844306827 0.0010105803581500804 -0.0006211486359990953 -0.0013665120257291244 0.0021300319156523848 0.0014050397674526312 0.0007581521252256464 -0.0023703780983234 
0.028787596100361256 0.04953834227018522 -0.001014498596382607 0.00041652260129937965 -0.0003078786096742243 -0.0006013779864046961 0.0006536862081240856 -0.0004070041350000464 0.0016175375218413174 -0.004067990650594015 
0.03866819594766308 0.06271376903121799 0.02086357116530711 0.0016871990218213914 0.02436450203826015 0.0020117809069599103 -0.014328210398996299 -0.05278754029503921 -0.018316726623141846 0.03847048364329271 
0.028621057378020866 0.04958493555089036 -0.0010396122787713648 0.0004936987896709647 -0.0006150763309348062 -0.002281783169278095 0.0008250092469969594 0.00030724817327579024 0.0018023684263151595 -0.004487121348971089 
0.02858371294518957 0.04951907580947196 -0.0010377020164570095 0.0004921260502654778 -0.000610087973672027 -0.0022603821909753744 0.0008138831635989723 0.00030268441811807006 0.0017680125537832385 -0.004383630415084768 
0.036454092224919084 0.0625720698719058 -0.0012784888939436196 0.0009857156110118794 -0.00040424054526234774 -0.0011074290021242399 0.0003183726305985041 -0.00048825929094730217 0.00036309990380962705 0.0002749127170323323 
0.028825393364952576 0.04960446828439927 -0.0010163808645963068 0.0004177475647825868 -0.00031045542108743923 -0.0006044817569888857 0.000663133820918492 -0.00041288199539997927 0.0016510382582646556 -0.004174242611646828 
0.0361685410545311 0.06207342346636869 -0.0012643730877095944 0.0009661075713422756 -0.0003845389759292655 -0.0010456449207667605 0.0002921224242054703 -0.00044604889276948014 0.0003178979308062058 0.0002423145123295431 
0.03711135211185496 0.06366490775124381 -0.0013125918253992382 0.0008464741608849545 -0.00036661021699425304 -0.00045225374610966185 0.00047228771290867437 -0.0006280432412828465 0.0005657473586593356 0.000223939869881929 
0.03644858015919793 0.06242970852260216 -0.0012814015815244611 0.000907318975727659 -0.0004590012885481623 -0.0006642971102788513 0.00042994910535007935 -0.0004369281182180238 0.00040836193320523026 -0.00020777485508495 
0.02812312427985868 0.04871194940258787 -0.0010150633150701554 0.00046308369018718484 -0.0005681185506296027 -0.002082458833037965 0.0007069769373142667 0.00034147217957149027 0.0014515903002067317 -0.0037901542939667533 
0.03711135211185496 0.06366490775124381 -0.0013125918253992382 0.0008464741608849545 -0.00036661021699425304 -0.00045225374610966185 0.00047228771290867437 -0.0006280432412828465 0.0005657473586593356 0.000223939869881929 
0.029144556014501114 0.050165449176877194 -0.0010325595059634115 0.00043219581324112474 -0.0003467396778262094 -0.0007357377407728481 0.0007449145852258377 -0.0003880263044627186 0.0018995505718136401 -0.004871787400446099 
0.02865849951901864 0.049650970710851165 -0.0010415295871007034 0.0004952816136449663 -0.0006201469348475756 -0.002303593263896502 0.0008364437418305708 0.00031195165615940387 0.0018380859594228974 -0.00459561696714105 
0.028432924372856355 0.049256215299330046 -0.0010307406671918433 0.0004754396697894139 -0.000601218915256716 -0.002191045138931566 0.0007914501654825701 0.00035576739879966587 0.0017215226293442907 -0.004574511356069261 
0.02812312427985868 0.04871194940258787 -0.0010150633150701554 0.00046308369018718484 -0.0005681185506296027 -0.002082458833037965 0.0007069769373142667 0.00034147217957149027 0.0014515903002067317 -0.0037901542939667533 
0.037761206243099275 0.06470805044258385 -0.0012650532106633992 0.0006239935196749684 0.00013025184415748245 0.000600853241953493 0.00020996431499128922 -0.0025213868190330064 -2.0984963914256855e-05 0.002117227763474948 
0.029121569503035183 0.05039408630737245 -0.001021549598554228 0.0003570310743428207 -0.0003706967568903501 -0.0016214904744652095 0.0007117320285574574 -0.0007790845754104265 0.001281396527806417 -0.0031970805385616776 
0.02854215247299607 0.0492788247407384 -0.0010402105337185864 0.0002982608874016025 -0.000569954934994829 -0.0011458961443409122 0.0009793663887373322 0.0005545320875229687 0.0022049026520908916 -0.004719748479033833 
0.02833133907186574 0.04907758297494756 -0.0010245974904861165 0.0004741217000005727 -0.000584479794183138 -0.0021726330946210846 0.0007782719290920003 0.00037078577515065134 0.001608176707065984 -0.0042359141917209225 
0.03625447911774215 0.06213329960610384 -0.0011832675427389354 0.0009037919640365438 -0.000661232127003124 -0.002150268612440352 0.0015791583945490393 0.0013082846690931028 -0.00024102948258249033 -0.0008361674682395823 
0.0361685410545311 0.06207342346636869 -0.0012643730877095944 0.0009661075713422756 -0.0003845389759292655 -0.0010456449207667605 0.0002921224242054703 -0.00044604889276948014 0.0003178979308062058 0.0002423145123295431 
0.03654678774793829 0.06250295985133197 -0.0012887623838351912 0.0010435500975377588 -0.00033834722646461227 -0.0002785857282103834 0.00041798118601991274 -0.0003770465137486263 0.0005058797723979181 -0.00010690204549499364 
0.028432924372856355 0.049256215299330046 -0.0010307406671918433 0.0004754396697894139 -0.000601218915256716 -0.002191045138931566 0.0007914501654825701 0.00035576739879966587 0.0017215226293442907 -0.004574511356069261 
0.03621579501536562 0.06215598033059977 -0.0012667006193346948 0.0009691950637572133 -0.0003876831418138271 -0.0010555449387155017 0.0002961158456196246 -0.0004527742404025858 0.0003240752968919656 0.0002480351942303049 
0.03706384628543466 0.06358190308127196 -0.0013102466557555516 0.0008433508553830994 -0.0003633666787540917 -0.0004421401628299294 0.0004679719773091329 -0.000620783794771011 0.0005587980898204043 0.00021770892006098746 
0.03643423769663233 0.0625383778666016 -0.0012758992156810367 0.000981515426068047 -0.0003974047378834402 -0.0011157630109654827 0.0003853235402287978 -0.0005619367922857558 0.0005025317777429434 -0.0002256021206081104 
0.03721079281220643 0.06389160867872293 -0.0013124766729823568 0.0010406676579761771 -0.0004826447912982128 -0.0013697241056332401 0.0004505699004713454 -0.0006695206469508006 0.00046274006744877655 5.1007179713810194e-05 
0.03626317261170674 0.06223875708644409 -0.0012690367360753507 0.0009723023534943868 -0.00039087914783280715 -0.0010656342124455026 0.0003002199633846273 -0.0004597054968757156 0.0003304974966914845 0.0002540325207193866 
0.03626580454320066 0.06223822111136179 -0.0011822425701779873 0.0009660621856614495 -0.0006418371836527982 -0.001105023197979531 0.00027147139326743816 0.0009243419893171593 0.002397659473267003 -0.0019473415916951707 
0.03797764391197857 0.061587195888190505 0.02098677201546039 0.0019001120100110628 0.02345970862486888 0.0009631403703693103 -0.015631228066512452 -0.04784001288425847 -0.01851725954808444 0.03715260326505078 
0.03648183878838098 0.06262155311427522 -0.0012782479652738655 0.0009846521589982244 -0.00040065410010010026 -0.0011263268970569443 0.00039059105531638816 -0.0005704094515328069 0.0005122969333479911 -0.0002309282480270928 
0.03694121967886452 0.06303447973100061 -0.0011240476697409255 0.0014212378069232152 -8.633196593179264e-05 -0.0011504209527350836 -1.7998438880974802e-05 -0.0014519432845285546 -0.0024614960565073575 0.001979061185084351 
0.03708743677952682 0.0636327235256005 -0.000762534481454252 0.0010169708296170529 -0.0006686556876415139 -0.0012134050763587315 -0.0002756660776974867 -0.0012778894030430906 -0.00237525806322147 0.0026982385966131837 
0.0361685410545311 0.06207342346636869 -0.0012643730877095944 0.0009661075713422756 -0.0003845389759292655 -0.0010456449207667605 0.0002921224242054703 -0.00044604889276948014 0.0003178979308062058 0.0002423145123295431 
0.03654678774793829 0.06250295985133197 -0.0012887623838351912 0.0010435500975377588 -0.00033834722646461227 -0.0002785857282103834 0.00041798118601991274 -0.0003770465137486263 0.0005058797723979181 -0.00010690204549499364 
0.03687280253161253 0.06330104953818563 -0.0012956988877234872 0.0010183962199143129 -0.00045727497930108047 -0.001293517541682372 0.00041158936608570767 -0.0006077370466152727 0.00040179685152653006 2.6065388539868978e-05 
0.0361685410545311 0.06207342346636869 -0.0012643730877095944 0.0009661075713422756 -0.0003845389759292655 -0.0010456449207667605 0.0002921224242054703 -0.00044604889276948014 0.0003178979308062058 0.0002423145123295431 
0.03626336016434278 0.062239090626186266 -0.0012690498253404615 0.0009723310108352552 -0.0003909569825344791 -0.0010658693675789708 0.0003004252789780054 -0.0004600666070841158 0.0003309769023736103 0.00025445733417103 
0.0365511329733082 0.06274383801540194 -0.0012821461727847744 0.0009864186235508136 -0.0004176984537099933 -0.001161945723203013 0.00043999752440216164 -0.00035715003624211487 0.0005774028642034018 -0.0005288302439123494 
0.040054855362123346 0.048154397166244575 -0.0019448950123956523 -0.02624753444204038 0.003899361656189381 0.035806503893357766 0.0026529533687590845 -0.0007559975858360473 0.0022140306330974443 -0.004167846081308395 
0.028870876051192013 0.050006333678491804 -0.0008830351630603444 0.0005055851009083966 -0.001682788798527282 -0.0023451862603637783 0.0018451489502354721 0.001827345189317228 0.003623498585581407 -0.009344967956310526 
0.03662074032788586 0.06284193439957798 -0.0009811721187732 0.000986681989785022 -0.00015982575899992616 -0.0012236869126376736 0.0013028870087998569 -0.0012030925105052186 0.0016430942068686109 -0.003029093217305546 
0.03655790558651802 0.06263114832278506 0.0003698211895518764 0.0009557483301481445 0.0043230867504969175 -0.002058745174740456 -0.003456149500787346 0.01280799129043599 -0.006939926151366997 0.020927289368799992 
0.03780688211000329 0.06487857671700908 -0.0012520489702609187 0.0008793244852495214 -0.0005908351376580726 -0.000744485955264914 0.0022890080024274752 0.0012559307175828572 0.0009709791576338033 -0.0024113001842156184 
0.0361685410545311 0.06207342346636869 -0.0012643730877095944 0.0009661075713422756 -0.0003845389759292655 -0.0010456449207667605 0.0002921224242054703 -0.00044604889276948014 0.0003178979308062058 0.0002423145123295431 
0.028789929091964706 0.0496820698493119 -0.0009029771172550701 0.0007090990503144781 -0.000453149284553846 -0.0018546589820127768 0.0014196102693389665 -0.00021247999484397032 0.0023567210608293186 -0.0061591077003932335 
0.037158729130861365 0.06335826328586823 -0.001162985410707472 0.0014097685643674552 -0.00025709846849013746 -0.0007770128939286785 0.0011665850366098297 -0.0009211083522548826 0.0012208010756952136 -0.0011234975969716563 
0.028267607222641822 0.048964352365867304 -0.0010222378304858481 0.0004718977529892184 -0.000577764829256116 -0.0021057566713437352 0.0007248526669982953 0.00031500164223366396 0.0014847896966671348 -0.0037970052268682035 
0.03664676554595145 0.0629109572960411 -0.0012868753772905443 0.000992743642280551 -0.000424585349879514 -0.0011841583037020913 0.00045219411356257227 -0.000368084838974626 0.0006002876480440206 -0.0005544037730228967 
0.028208443819903235 0.04886026736969994 -0.0010178347642395853 0.00046927730468162226 -0.0005986186779970842 -0.002149133381622698 0.0005906532136116526 0.000710681251308078 0.0013991173099755653 -0.003718054393838224 
0.04659170215330393 0.05947810492156301 -0.002187675422858773 -0.025712980296958787 0.0035529516665442295 0.03425862323698865 0.0022733610901401226 0.0001400196662339246 0.0009190388879937188 -0.0002084334903130763 
0.03621579501536562 0.06215598033059977 -0.0012667006193346948 0.0009691950637572133 -0.0003876831418138271 -0.0010555449387155017 0.0002961158456196246 -0.0004527742404025858 0.0003240752968919656 0.0002480351942303049 
0.03645115754546137 0.06256919587651028 -0.0012785656438601843 0.0009790784464431082 -0.00041120745538928197 -0.0011325375573619384 0.00035638135756282165 -0.0004522041544389254 0.0005177096573378125 -0.00031689834466481397 